<?xml version="1.0" encoding="UTF-8"?>
<struktogramm fontfamily="83;101;114;105;102;" fontstyle="0" fontsize="15">
  <strelem typ="0" zx="0" zy="0" textcolor="-16777216" bgcolor="-1">
    <text>35;105;110;105;116;105;97;108;105;115;105;101;114;101;110;32;101;114;115;116;101;32;86;97;114;105;97;98;108;101;</text>
  </strelem>
  <strelem typ="0" zx="0" zy="0" textcolor="-16777216" bgcolor="-1">
    <text>35;73;110;105;116;105;97;108;105;115;105;101;114;101;110;32;90;119;101;105;116;101;32;86;97;114;105;97;98;108;101;</text>
  </strelem>
  <strelem typ="0" zx="0" zy="0" textcolor="-16777216" bgcolor="-1">
    <text>35;68;101;102;105;110;105;101;114;101;110;32;100;105;101;32;83;117;109;109;101;32;122;119;101;105;32;86;97;114;105;97;98;108;101;</text>
  </strelem>
  <strelem typ="0" zx="0" zy="0" textcolor="-16777216" bgcolor="-1">
    <text>35;68;101;102;105;110;105;101;114;101;110;32;68;105;102;102;101;114;101;110;122;32;122;119;101;105;32;86;97;114;105;97;98;108;101;</text>
  </strelem>
  <strelem typ="0" zx="0" zy="0" textcolor="-16777216" bgcolor="-1">
    <text>35;68;101;102;105;110;105;101;114;101;110;32;100;97;115;32;80;114;111;100;117;107;116;32;122;119;101;105;32;86;97;114;105;97;98;108;101;</text>
  </strelem>
  <strelem typ="0" zx="0" zy="0" textcolor="-16777216" bgcolor="-1">
    <text>35;68;101;102;105;110;105;101;114;101;110;32;100;101;114;32;81;117;111;116;105;101;110;116;32;122;119;101;105;32;86;97;114;105;97;98;108;101;</text>
  </strelem>
  <strelem typ="0" zx="0" zy="0" textcolor="-16777216" bgcolor="-1">
    <text>80;111;116;101;110;122;32;118;111;110;32;122;119;101;105;32;86;97;114;105;97;98;108;101;110;32;98;101;114;101;99;104;110;101;110;</text>
  </strelem>
  <strelem typ="0" zx="0" zy="0" textcolor="-16777216" bgcolor="-1">
    <text>65;117;115;103;97;98;101;32;100;101;114;32;83;117;109;109;101;</text>
  </strelem>
  <strelem typ="0" zx="0" zy="0" textcolor="-16777216" bgcolor="-1">
    <text>65;117;115;103;97;98;101;32;100;101;114;32;68;105;102;102;101;114;101;110;122;</text>
  </strelem>
  <strelem typ="0" zx="0" zy="0" textcolor="-16777216" bgcolor="-1">
    <text>65;117;115;103;97;98;101;32;100;97;115;32;80;114;111;100;117;107;116;</text>
  </strelem>
  <strelem typ="0" zx="0" zy="0" textcolor="-16777216" bgcolor="-1">
    <text>65;117;115;103;97;98;101;32;100;101;114;32;81;117;111;116;105;101;110;116;</text>
  </strelem>
  <strelem typ="0" zx="0" zy="0" textcolor="-16777216" bgcolor="-1">
    <text>65;117;115;103;97;98;101;32;100;97;115;32;69;114;103;101;98;110;105;115;115;32;80;111;116;101;110;122;105;101;114;101;110;</text>
  </strelem>
</struktogramm>

